 0.740696 
 0.717416 
 0.720464 
 0.719872 
 0.720628 
 0.790173 
 0.902342 
 0.881310 
 0.899001 
 0.745132 
 0.728801 
 0.765151 
 0.888480 
 0.884707 
 0.819295 
 0.726656 
 0.721076 
 0.719340 
 0.726669 
 0.717907 
 0.723146 
 0.715111 
 0.786085 
 0.887298 
 0.898152 
 0.903886 
 0.769436 
 0.728626 
 0.721016 
 0.724019 
 0.726878 
 0.895178 
 0.884351 
 0.846461 
 0.729616 
 0.737919 
 0.736078 
 0.738615 
 0.723542 
 0.722992 
 0.723996 
 0.735362 
 0.739072 
 0.724195 
 0.742995 
 0.726181 
 0.726160 
 0.718721 
 0.724596 
 0.723759 
 0.723989 
 0.720214 
 0.727381 
 0.722491 
 0.718375 
 0.728759 
 0.719249 
 0.729639 
 0.724448 
 0.724464 
 0.891180 
 0.897561 
 0.784716 
 0.719420 
 0.905179 
 0.889687 
 0.891583 
 0.825232 
 0.723804 
 0.739804 
 0.740664 
 0.780269 
 0.746049 
 0.730240 
 0.735906 
 0.759752 
 0.748347 
 0.750640 
 0.756247 
 0.896334 
 0.919533 
 0.773278 
 0.743448 
 0.895211 
 0.887300 
 0.750525 
 0.740709 
 0.746228 
 0.726348 
 0.739840 
 0.724391 
 0.749602 
 0.719796 
 0.763235 
 0.723665 
 0.736371 
 0.713690 
 0.719213 
 0.722187 
 0.717818 
