 0.993109 
 0.987485 
 0.983689 
 1.014581 
 1.016023 
 1.100612 
 1.287064 
 1.048768 
 1.037869 
 1.047856 
 1.023964 
 1.043936 
 1.032897 
 1.046029 
 1.045001 
 1.041428 
 1.045297 
 1.027746 
 1.002014 
 0.982039 
 0.986643 
 0.987890 
 1.024949 
 1.022974 
 1.022025 
 1.027733 
 0.998755 
 1.027275 
 1.269984 
 1.281408 
 1.042147 
 1.028401 
 1.017455 
 1.033668 
 0.998030 
 1.061837 
 1.315180 
 1.287400 
 1.076125 
 0.998337 
 1.016916 
 1.049155 
 1.085344 
 1.080609 
 1.148610 
 1.324485 
 1.294376 
 1.168142 
 1.149051 
 1.282850 
 1.328410 
 1.374727 
 1.210646 
 1.098464 
 1.055791 
 1.034566 
 1.025596 
 1.204622 
 1.320166 
 1.051947 
 1.263945 
 1.187841 
 1.048322 
 1.280379 
 1.104850 
 1.176443 
 1.274669 
 1.279071 
 1.019369 
 1.011671 
 1.271149 
 1.286188 
 1.036009 
 1.259803 
 1.182595 
 1.034498 
 1.071762 
 1.026765 
 1.031341 
 1.008360 
 1.029983 
 1.026395 
 0.996535 
 0.993212 
 1.025566 
 1.025367 
 1.011506 
 1.197977 
 1.307807 
 1.021325 
 1.031281 
 1.021498 
 1.051449 
 1.031700 
 1.064578 
 1.037318 
 1.019433 
 1.030023 
 1.297357 
 1.298102 
