 0.730624 
 0.780732 
 0.912002 
 0.952944 
 0.774545 
 0.783291 
 0.723255 
 0.747275 
 0.737236 
 0.746868 
 0.852548 
 0.918386 
 0.917724 
 0.871584 
 0.904606 
 0.914257 
 0.914708 
 0.764724 
 0.734628 
 0.771521 
 0.746095 
 0.770085 
 0.761509 
 0.752957 
 0.850220 
 0.922109 
 0.845077 
 0.761207 
 0.760738 
 0.813135 
 0.965090 
 0.913925 
 0.886785 
 0.829044 
 0.747498 
 0.761071 
 0.758700 
 0.854882 
 1.025052 
 0.962153 
 0.862384 
 0.756099 
 0.911488 
 0.901606 
 0.786002 
 0.767923 
 1.003297 
 0.757125 
 0.906913 
 0.918201 
 0.893101 
 0.761511 
 0.723947 
 0.755886 
 0.903591 
 0.890025 
 0.845520 
 0.779447 
 0.922773 
 0.897417 
 0.803808 
 0.729282 
 0.725498 
 0.736651 
 0.898081 
 0.886479 
 0.905794 
 0.827390 
 0.744828 
 0.730906 
 0.895315 
 0.903090 
 0.899590 
 0.753716 
 0.722754 
 0.721126 
 0.729669 
 0.741458 
 0.727271 
 0.725865 
 0.731089 
 0.728130 
 0.750115 
 0.729835 
 0.739088 
 0.724525 
 0.725829 
 0.745489 
 0.724165 
 0.742340 
 0.902054 
 0.906308 
 0.886963 
 0.725118 
 0.726131 
 0.738279 
 0.886031 
 0.885513 
 0.812979 
 0.743087 
