 2.140341 
 2.070428 
 2.072301 
 2.082661 
 2.083424 
 2.277141 
 2.577605 
 2.549821 
 2.573488 
 2.148015 
 2.089246 
 2.197678 
 2.571144 
 2.555668 
 2.370233 
 2.086858 
 2.077848 
 2.069678 
 2.089208 
 2.072339 
 2.084193 
 2.064535 
 2.268162 
 2.559819 
 2.561610 
 2.580196 
 2.207747 
 2.095900 
 2.074451 
 2.079045 
 2.087305 
 2.561124 
 2.558609 
 2.455894 
 2.088986 
 2.111512 
 2.134189 
 2.135531 
 2.096559 
 2.080182 
 2.081183 
 2.132860 
 2.140229 
 2.086744 
 2.140577 
 2.096159 
 2.083547 
 2.071878 
 2.086469 
 2.085383 
 2.083035 
 2.071676 
 2.090970 
 2.081073 
 2.076009 
 2.094214 
 2.065643 
 2.093613 
 2.086226 
 2.090111 
 2.547214 
 2.567436 
 2.273573 
 2.076339 
 2.574795 
 2.570100 
 2.559389 
 2.383592 
 2.080003 
 2.137699 
 2.127821 
 2.233817 
 2.156669 
 2.095432 
 2.124635 
 2.165261 
 2.158190 
 2.167843 
 2.158692 
 2.574073 
 2.629179 
 2.235148 
 2.117712 
 2.580505 
 2.559782 
 2.147514 
 2.136101 
 2.147700 
 2.080701 
 2.136166 
 2.079200 
 2.161269 
 2.077477 
 2.165902 
 2.094672 
 2.131647 
 2.064217 
 2.082034 
 2.088525 
 2.075946 
