 0.985692 
 0.980145 
 0.976355 
 1.013808 
 1.013193 
 1.099612 
 1.285828 
 1.047385 
 1.036629 
 1.037181 
 1.019601 
 1.042311 
 1.030794 
 1.044009 
 1.044108 
 1.040349 
 1.043963 
 1.026744 
 1.000064 
 0.980675 
 0.985140 
 0.985357 
 1.022929 
 1.020979 
 1.020165 
 1.025619 
 0.996847 
 1.026060 
 1.268663 
 1.280122 
 1.041329 
 1.027387 
 1.015353 
 1.031611 
 0.996449 
 1.059391 
 1.312031 
 1.277711 
 1.068362 
 0.990827 
 1.009146 
 1.038557 
 1.070724 
 1.070967 
 1.146198 
 1.322619 
 1.281146 
 1.164582 
 1.145972 
 1.277703 
 1.325981 
 1.359927 
 1.207190 
 1.095140 
 1.054174 
 1.026327 
 1.017483 
 1.203095 
 1.310970 
 1.050796 
 1.262746 
 1.186594 
 1.047182 
 1.278968 
 1.103927 
 1.173857 
 1.273627 
 1.277790 
 1.018335 
 1.010597 
 1.270149 
 1.276782 
 1.029606 
 1.258471 
 1.167253 
 1.026101 
 1.063266 
 1.019523 
 1.030146 
 1.005603 
 1.028404 
 1.024986 
 0.995140 
 0.992141 
 1.023798 
 1.017440 
 1.003730 
 1.189299 
 1.299039 
 1.013992 
 1.023819 
 1.013987 
 1.041474 
 1.024155 
 1.056366 
 1.029779 
 1.012388 
 1.028796 
 1.296223 
 1.290204 
