 0.036456 
 0.038054 
 0.042895 
 0.046157 
 0.039934 
 0.036713 
 0.034680 
 0.037769 
 0.037917 
 0.037089 
 0.039933 
 0.046588 
 0.046381 
 0.041252 
 0.042382 
 0.045995 
 0.041197 
 0.041048 
 0.038045 
 0.038680 
 0.037993 
 0.038534 
 0.040021 
 0.037968 
 0.043311 
 0.046243 
 0.042976 
 0.043087 
 0.039613 
 0.042938 
 0.043388 
 0.046123 
 0.046652 
 0.040151 
 0.035546 
 0.039477 
 0.040587 
 0.046107 
 0.047369 
 0.047858 
 0.041034 
 0.040558 
 0.043234 
 0.045558 
 0.045115 
 0.039901 
 0.038463 
 0.040506 
 0.045903 
 0.048044 
 0.044752 
 0.042147 
 0.036523 
 0.038597 
 0.045505 
 0.045388 
 0.042708 
 0.043085 
 0.045028 
 0.047724 
 0.042652 
 0.037037 
 0.036070 
 0.040844 
 0.046319 
 0.046867 
 0.046190 
 0.040822 
 0.037210 
 0.038256 
 0.046228 
 0.045907 
 0.045191 
 0.042353 
 0.037287 
 0.037940 
 0.036264 
 0.038967 
 0.037173 
 0.034740 
 0.037238 
 0.036435 
 0.037289 
 0.038796 
 0.035239 
 0.036781 
 0.036910 
 0.035244 
 0.036143 
 0.041142 
 0.045220 
 0.045913 
 0.042896 
 0.035888 
 0.034797 
 0.041677 
 0.043687 
 0.042428 
 0.041836 
 0.038226 
